pos/1.png 15 413 157 47 68 688 181 40 81 938 249 44 88 547 251 41 74 745 245 44 84 594 299 37 79 133 356 48 93 213 339 43 96 396 378 41 89 504 386 83 98 114 541 69 122 921 424 70 91 849 415 36 106 742 432 66 96 704 501 90 103
pos/10.png 11 83 273 55 87 195 237 50 79 229 159 46 71 292 302 59 82 467 233 42 72 520 229 46 77 748 152 41 72 979 175 45 75 902 308 68 95 995 287 30 82 1038 331 33 98
pos/2.png 13 61 436 61 111 185 386 45 93 350 405 73 103 377 334 53 97 626 393 54 88 666 451 68 96 959 523 49 123 800 386 52 91 785 252 60 92 974 275 39 86 1103 225 42 83 1184 245 34 84 1233 197 42 83
pos/3.png 16 57 385 62 100 111 479 66 114 148 383 53 117 215 508 56 123 260 257 61 106 503 184 36 83 643 138 30 74 632 191 43 76 484 396 61 103 644 283 51 93 720 275 43 92 625 391 53 109 732 451 67 121 1027 329 53 110 1079 364 48 103 1222 405 39 123
pos/4.png 10 172 215 36 85 478 112 31 73 355 168 41 62 369 224 31 70 257 345 41 101 515 413 45 110 912 500 47 110 813 232 28 90 1064 205 34 81 1165 301 46 100
pos/5.png 16 69 152 50 85 85 100 33 68 241 146 44 81 155 322 81 114 180 415 50 128 390 375 45 107 475 232 32 85 578 409 50 125 640 415 63 111 1067 356 51 114 801 286 73 92 904 227 56 104 1040 135 38 88 820 163 31 77 738 152 39 82 834 58 43 71
pos/6.png 7 201 175 42 71 243 309 53 90 378 189 53 70 582 162 53 73 689 172 56 69 570 233 45 80 615 246 31 67
pos/7.png 9 199 224 61 80 305 242 63 111 373 217 66 77 440 202 71 80 610 336 54 104 798 447 70 110 836 222 58 84 924 215 44 87 1043 309 53 95
pos/8.png 11 32 154 45 79 375 172 46 75 260 353 42 106 373 254 41 83 428 197 46 70 475 324 42 97 647 171 41 65 903 258 35 93 989 122 29 73 1010 260 43 86 1239 172 31 79
pos/9.png 16 2 353 43 117 216 263 60 95 393 319 45 104 338 193 49 71 340 145 41 55 393 196 35 78 394 150 46 57 595 178 49 69 745 152 39 78 898 161 54 75 1050 189 44 91 1163 186 44 90 873 269 38 95 808 228 55 100 1116 269 76 95 1139 538 67 135
pos/Screenshot from 2021-07-31 16-34-22.png 12 914 249 33 41 855 284 34 45 720 277 31 42 520 275 36 42 456 199 29 36 236 238 35 44 291 242 29 46 406 315 27 49 310 298 20 44 285 283 28 50 324 494 44 65 4 542 36 69
pos/Screenshot from 2021-07-31 16-35-07.png 19 267 190 29 66 265 323 30 69 338 239 34 59 470 198 28 38 548 183 26 53 560 240 22 49 499 511 42 85 644 313 24 74 667 335 25 58 751 418 31 73 1062 466 37 74 985 380 31 71 754 329 29 66 715 242 30 69 760 233 26 67 821 225 30 65 869 323 25 55 828 290 26 58 862 274 33 49
pos/Screenshot from 2021-07-31 16-35-17.png 19 221 192 45 65 290 339 34 76 327 362 51 58 331 504 43 83 337 298 32 61 455 204 36 53 551 288 24 61 570 357 25 59 586 352 28 50 724 415 35 64 767 392 30 74 563 248 40 54 607 208 33 55 663 211 42 56 704 255 38 53 794 318 22 53 778 293 28 53 947 349 35 63 999 371 48 60
pos/Screenshot from 2021-07-31 16-35-30.png 12 349 163 42 60 509 224 35 69 584 222 41 65 685 287 36 66 922 294 36 69 985 282 32 66 738 347 30 78 515 491 61 76 179 465 51 70 163 396 34 68 197 430 29 45 225 295 36 71
pos/Screenshot from 2021-07-31 16-35-41.png 16 148 191 27 49 506 184 26 39 327 273 32 52 300 421 37 62 579 304 30 53 368 526 41 72 501 519 31 68 605 446 30 63 646 421 26 59 725 285 28 45 744 259 35 42 865 330 34 60 838 418 31 59 962 446 32 62 983 407 23 63 1050 303 24 47
pos/Screenshot from 2021-07-31 16-35-54.png 16 221 292 33 64 356 269 25 66 433 189 38 55 409 257 45 63 505 222 33 54 463 270 33 66 512 268 27 68 596 265 40 66 629 281 45 56 409 350 34 61 551 341 36 68 675 353 38 65 729 374 38 68 869 429 35 69 199 632 48 78 55 648 36 60
pos/Screenshot from 2021-07-31 16-36-09.png 19 148 341 41 77 207 225 33 66 379 220 34 60 326 353 44 67 420 514 34 79 695 275 42 69 526 134 30 46 821 300 28 69 841 298 31 73 870 304 31 73 670 354 37 75 708 355 39 77 701 399 26 49 689 425 40 79 746 394 33 69 768 400 27 77 794 401 30 67 909 375 28 77 935 368 25 76
pos/Screenshot from 2021-07-31 16-36-25.png 17 1151 483 27 57 706 435 21 55 586 486 29 69 551 312 23 52 476 274 24 48 157 361 25 55 139 281 21 52 159 293 18 46 162 276 24 30 189 277 16 52 199 266 17 34 211 277 13 53 228 260 19 51 372 258 28 40 393 250 23 43 442 280 21 30 455 261 12 39
pos/Screenshot from 2021-07-31 16-36-41.png 16 301 220 36 46 408 160 27 44 474 173 26 40 595 134 27 42 479 277 29 53 390 475 33 61 588 399 31 61 762 289 32 48 931 210 29 49 1038 158 25 41 1135 131 29 36 1048 232 28 38 853 392 40 55 878 281 22 35 1019 377 36 55 1189 460 30 62
pos/Screenshot from 2021-07-31 16-37-14.png 20 80 339 37 59 117 338 25 59 198 250 26 55 235 193 24 51 334 133 18 41 293 204 18 39 288 301 25 47 255 408 28 72 178 441 32 63 494 334 26 55 465 173 25 45 515 218 20 44 548 272 28 54 553 329 33 54 772 478 32 56 696 205 26 43 765 186 19 46 924 219 22 47 956 277 40 45 813 344 34 50
pos/Screenshot from 2021-07-31 16-37-29.png 20 345 148 32 40 300 206 30 51 283 337 33 59 374 271 36 59 347 331 40 54 416 449 38 55 590 178 26 35 748 187 26 40 603 281 32 50 624 275 27 48 681 277 36 39 683 243 38 47 758 289 27 57 620 366 35 51 840 444 31 60 877 235 21 47 880 337 24 48 971 249 22 49 1110 323 28 57 882 533 49 61
pos/Screenshot from 2021-07-31 16-37-42.png 13 443 293 49 75 477 356 32 69 503 305 60 76 630 350 41 73 586 191 49 66 745 142 33 57 789 137 25 47 806 146 30 46 792 217 44 65 873 263 35 65 684 477 52 79 1056 309 42 70 1177 558 42 78
pos/Screenshot from 2021-07-31 16-37-54.png 18 320 356 37 61 401 292 27 52 426 298 37 56 540 225 24 54 509 376 24 67 494 571 41 73 600 319 27 55 619 170 26 58 675 103 21 44 634 227 21 43 730 148 19 43 734 225 26 58 839 143 26 42 832 281 28 60 814 427 38 53 960 295 29 50 990 195 29 54 1088 222 23 48
pos/Screenshot from 2021-07-31 16-38-08.png 20 16 248 22 42 317 147 23 43 263 261 19 46 167 378 37 58 243 349 30 61 294 460 31 56 328 297 23 57 425 196 24 42 447 175 21 37 587 202 24 45 618 236 20 44 661 241 30 47 521 321 26 47 472 373 37 44 646 344 29 47 745 302 29 58 730 391 35 53 766 426 37 59 912 381 34 51 977 452 50 52
pos/Screenshot from 2021-07-31 16-38-24.png 19 0 448 40 78 151 205 27 50 117 460 48 60 243 376 32 61 377 210 24 45 419 270 28 53 367 561 30 70 482 432 29 67 556 300 26 58 588 229 26 44 620 337 23 59 562 402 32 58 712 559 33 64 777 491 28 61 747 283 25 55 874 349 27 57 926 335 32 57 931 394 27 65 963 396 22 62
pos/Screenshot from 2021-07-31 16-38-41.png 19 161 429 36 66 264 276 28 48 377 236 23 43 480 230 29 37 516 156 29 39 475 269 26 45 455 376 23 53 494 332 34 53 582 244 20 43 618 254 26 53 716 204 27 48 704 338 27 51 808 334 25 49 884 311 22 49 912 351 23 51 983 367 23 58 885 465 25 53 911 446 38 57 878 591 35 72
pos/Screenshot from 2021-07-31 16-39-03.png 20 30 434 31 80 139 230 27 61 319 318 26 65 324 400 49 66 440 266 36 58 542 94 23 56 625 192 28 49 689 203 24 40 730 188 28 41 484 385 28 66 545 401 31 66 627 352 36 48 660 337 32 51 664 404 33 58 662 467 36 69 748 443 29 67 799 236 22 52 827 260 22 39 869 281 27 57 950 370 23 62
pos/Screenshot from 2021-07-31 16-39-21.png 18 120 295 42 70 165 291 33 69 365 207 41 61 541 211 30 57 637 164 31 61 285 450 50 75 471 338 38 59 520 326 38 70 572 371 21 60 570 364 62 36 675 269 25 64 816 245 22 54 836 251 21 47 825 284 24 55 849 291 19 61 870 326 27 69 749 441 42 74 1151 374 30 79
pos/Screenshot from 2021-07-31 16-45-35.png 19 219 233 28 39 335 215 29 47 451 280 32 57 488 284 31 55 420 421 37 67 680 372 37 65 716 283 27 54 762 247 22 50 779 263 21 61 824 266 21 48 840 285 21 50 890 307 28 49 744 377 33 61 906 346 24 62 968 291 27 57 1012 299 27 59 1060 384 28 61 1052 454 26 65 569 157 29 43
pos/Screenshot from 2021-07-31 16-45-45.png 20 127 297 13 46 240 400 37 55 325 245 20 40 392 221 20 39 411 282 20 45 481 249 21 33 561 348 24 44 563 222 20 47 679 158 18 27 748 198 18 39 678 246 19 37 719 351 28 55 828 265 22 41 825 242 19 31 852 252 14 38 856 273 17 41 903 321 26 53 1012 277 28 45 980 358 30 52 1027 370 27 53
pos/Screenshot from 2021-07-31 16-46-09.png 17 178 273 27 60 438 148 19 40 480 252 25 45 395 521 43 71 589 187 23 39 585 157 31 43 696 113 21 44 811 168 20 42 659 308 30 43 729 230 32 52 853 289 26 48 673 374 31 53 949 407 25 57 969 196 17 40 1026 109 18 37 1066 139 15 42 1239 229 21 48
pos/Screenshot from 2021-07-31 16-46-28.png 20 277 314 37 45 355 229 29 51 391 270 19 45 500 177 19 42 497 265 21 40 521 248 19 46 445 370 30 55 501 326 21 49 418 489 30 62 597 316 24 52 602 231 15 39 612 184 19 28 678 163 19 43 649 243 23 36 805 187 20 42 866 268 28 38 872 236 20 41 913 287 35 46 882 382 19 50 1077 235 23 46
pos/Screenshot from 2021-07-31 18-23-02.png 20 82 319 29 54 125 236 26 54 228 271 25 47 306 470 32 60 342 189 18 39 362 328 25 57 432 375 30 52 427 274 29 51 448 181 23 42 488 175 24 45 521 260 25 42 545 313 28 47 590 271 23 32 672 236 23 46 726 202 26 40 693 258 38 33 749 274 35 48 832 241 38 45 826 299 33 33 822 392 37 53
pos/Screenshot from 2021-07-31 19-26-44.png 12 58 467 69 117 314 263 48 97 513 263 44 66 591 226 53 68 592 302 45 73 622 371 50 101 852 293 44 83 985 173 26 58 1054 205 28 62 1155 169 40 64 1116 246 36 71 1161 255 35 73
pos/Screenshot from 2021-07-31 19-27-00.png 18 98 235 40 80 53 396 50 113 263 246 36 87 122 510 53 136 403 295 60 90 504 196 31 62 543 198 28 59 589 178 31 62 563 243 33 75 720 193 29 61 737 259 37 81 785 262 47 86 838 255 34 73 955 240 47 83 931 347 66 97 1035 308 38 86 1092 276 37 85 1228 308 34 94
pos/Screenshot from 2021-07-31 19-27-09.png 13 97 225 48 81 210 243 32 68 298 248 36 70 333 225 34 69 246 314 41 69 406 245 38 74 497 287 39 77 576 264 44 78 628 239 37 64 719 281 40 69 807 340 39 90 852 309 42 94 894 323 33 88
pos/Screenshot from 2021-07-31 19-27-36.png 13 86 276 39 91 419 207 26 68 462 371 45 100 610 240 34 73 670 193 36 63 797 237 33 72 812 209 25 57 858 233 32 70 943 217 47 75 1158 211 32 71 1000 301 42 88 912 396 41 103 1034 408 47 110
pos/Screenshot from 2021-07-31 19-28-00.png 16 88 428 61 84 162 367 56 96 267 429 58 118 446 512 60 121 622 483 58 107 548 318 44 79 642 216 27 56 646 343 46 64 680 380 47 83 817 306 32 32 908 243 33 65 1106 372 40 97 1145 453 51 90 1157 512 52 105 1176 309 32 79 1240 239 27 71
pos/Screenshot from 2021-07-31 19-28-12.png 18 178 209 28 64 198 308 45 78 219 278 34 57 328 411 56 96 358 516 70 118 393 448 48 93 412 322 50 98 517 270 23 53 513 236 21 61 581 308 29 81 599 380 39 90 699 243 38 63 810 257 41 69 847 261 46 65 943 238 32 62 1099 293 37 75 1177 292 33 89 1174 404 36 93
pos/Screenshot from 2021-07-31 19-28-28.png 19 32 304 47 96 128 222 37 68 264 175 37 61 224 221 36 70 188 393 64 92 205 494 58 117 422 355 44 89 612 397 58 87 587 292 40 88 578 170 34 75 623 177 21 55 698 249 30 66 730 237 28 71 761 313 39 84 880 266 37 77 984 250 34 81 1077 203 30 62 1174 300 37 88 1090 463 53 79
pos/Screenshot from 2021-07-31 19-28-46.png 9 584 408 50 97 544 541 40 110 806 470 36 72 887 289 27 70 981 340 29 76 963 470 38 89 961 549 48 99 1095 491 49 109 1221 394 38 89
pos/Screenshot from 2021-07-31 19-29-03.png 16 174 224 38 81 448 195 27 58 469 233 50 75 732 218 30 59 829 217 42 60 892 217 34 51 921 182 27 58 946 173 35 50 792 276 44 92 1130 245 43 77 219 293 39 90 293 402 49 117 351 596 75 109 598 425 86 120 991 394 53 109 1043 399 66 99
pos/Screenshot from 2021-07-31 19-29-16.png 13 18 300 37 74 381 356 58 81 416 299 29 65 467 327 33 78 491 298 34 60 540 303 42 66 583 297 29 64 627 303 29 62 578 368 33 84 703 275 27 75 725 310 29 56 772 332 36 73 867 376 42 82
pos/Screenshot from 2021-07-31 19-29-55.png 2 787 387 61 104 771 237 30 74
pos/Screenshot from 2021-07-31 19-30-09.png 15 8 365 52 118 318 218 37 76 359 241 28 77 338 483 45 117 605 416 47 114 575 297 40 89 674 286 35 84 661 222 40 64 690 192 39 62 815 233 33 68 835 209 30 64 881 273 33 78 959 279 27 85 1150 205 25 65 1129 375 46 95
