pos/1.png 14 135 357 43 89 113 541 69 115 219 343 32 90 419 157 33 64 399 383 34 81 504 383 79 96 549 249 36 75 596 300 28 77 696 189 24 70 751 243 36 77 953 250 25 85 713 501 75 104 849 415 35 108 930 420 57 92
pos/10.png 11 87 275 46 82 204 242 38 67 237 161 30 62 300 311 32 65 470 234 35 64 525 230 33 73 750 157 35 62 909 310 53 89 983 181 36 68 993 282 30 80 1038 344 33 83
pos/2.png 12 63 441 53 100 185 382 40 91 376 409 35 97 642 392 31 94 684 448 35 89 810 387 38 88 966 532 39 113 795 256 41 81 975 280 34 79 1104 231 32 74 1185 248 33 78 1247 202 25 74
pos/3.png 15 65 388 49 98 160 389 30 106 126 484 42 96 224 502 38 127 263 260 52 96 507 184 30 79 637 197 30 68 496 399 36 99 635 384 33 118 647 282 43 92 726 279 35 87 745 461 40 102 1034 331 33 100 1087 363 24 103 1228 406 27 115
pos/4.png 10 176 217 27 77 375 227 21 63 483 117 21 62 368 171 21 58 259 345 36 98 523 415 35 103 923 501 28 107 811 235 29 85 1073 202 21 86 1174 304 33 93
pos/5.png 14 192 419 32 122 177 325 34 73 397 371 33 111 587 420 36 104 640 420 45 95 74 155 40 82 253 150 27 76 744 151 31 80 850 66 18 61 824 170 24 66 925 233 28 96 810 282 58 89 1068 353 43 115 1044 136 30 84
pos/6.png 10 250 310 36 86 207 173 33 70 393 191 31 62 576 232 30 75 616 236 24 82 589 164 32 66 693 176 29 62 1071 330 39 90 1095 230 31 77 1241 208 29 77
pos/7.png 9 325 252 35 93 398 219 35 67 460 203 32 69 620 340 34 103 814 440 45 115 1053 298 38 105 845 219 36 84 930 211 30 87 217 229 32 59
pos/8.png 11 37 157 33 74 263 356 34 101 379 253 27 84 383 179 35 62 441 192 31 71 483 325 25 87 663 175 25 61 906 260 28 86 1017 261 28 80 993 132 20 57 1245 173 21 70
pos/9.png 16 7 355 39 113 228 268 36 86 397 323 35 95 340 197 44 64 345 136 31 39 413 155 15 38 395 196 29 72 601 175 32 71 753 151 23 71 817 237 32 76 876 271 26 83 908 163 25 61 1056 187 28 84 1166 188 31 81 1135 271 38 81 1144 542 56 116
pos/Screenshot from 2021-07-31 16-34-22.png 11 921 249 22 40 866 289 20 34 724 276 24 33 524 273 25 33 465 195 13 36 414 318 15 43 337 505 23 48 312 297 13 47 299 246 14 39 244 242 21 42 292 286 16 42
pos/Screenshot from 2021-07-31 16-35-07.png 17 276 198 16 47 266 328 26 61 510 525 24 63 758 423 20 60 1064 471 28 62 990 386 20 60 672 342 16 49 651 323 17 58 759 337 18 51 870 323 18 51 832 289 18 56 829 234 18 50 763 243 18 52 723 250 18 56 563 241 17 47 553 184 21 45 347 247 17 47
pos/Screenshot from 2021-07-31 16-35-17.png 17 237 202 20 50 296 345 26 65 339 514 31 69 344 299 16 58 334 362 29 55 464 207 19 47 552 291 20 49 573 355 19 58 572 248 18 56 616 210 21 47 675 213 23 50 716 252 17 52 801 317 12 50 728 419 28 55 770 397 20 63 957 358 19 51 1006 365 28 60
pos/Screenshot from 2021-07-31 16-35-30.png 11 356 166 28 50 511 229 25 54 229 300 31 64 191 458 31 78 167 387 29 69 535 492 31 70 593 225 26 60 696 295 29 62 741 351 25 73 930 298 25 63 993 285 22 61
pos/Screenshot from 2021-07-31 16-35-41.png 16 158 191 15 45 335 272 21 51 304 419 27 63 372 526 29 70 512 186 18 35 585 303 19 55 508 520 20 67 613 448 18 60 653 425 14 49 729 281 19 48 755 252 20 48 843 425 26 50 872 335 18 51 1054 301 17 48 987 411 21 58 968 451 24 60
pos/Screenshot from 2021-07-31 16-35-54.png 14 228 297 23 55 356 273 22 56 441 190 27 47 423 259 27 57 415 348 22 58 472 274 18 59 508 229 26 44 518 277 19 50 562 343 22 65 606 272 22 55 636 281 27 55 684 356 26 57 742 376 23 65 875 432 24 65
pos/Screenshot from 2021-07-31 16-36-09.png 14 148 338 36 76 211 227 27 62 383 223 23 56 333 355 31 62 425 511 25 81 706 280 26 57 677 352 28 71 699 437 22 66 776 407 20 70 800 403 22 62 920 377 20 70 874 307 28 70 842 300 28 73 719 361 30 70
pos/Screenshot from 2021-07-31 16-36-25.png 13 1159 486 15 49 710 438 19 53 590 489 22 62 555 313 19 50 478 271 20 48 445 278 16 34 380 264 18 33 161 363 21 53 142 280 16 53 163 289 16 48 190 274 12 50 212 278 14 44 228 259 18 47
pos/Screenshot from 2021-07-31 16-36-41.png 16 315 228 16 35 419 166 13 32 479 175 20 36 601 138 17 36 487 275 17 50 401 472 17 61 594 404 21 51 775 291 16 42 867 397 19 49 882 273 15 44 938 215 18 41 1045 161 15 36 1144 133 12 31 1055 234 20 37 1027 376 23 49 1192 462 26 56
pos/Screenshot from 2021-07-31 16-37-14.png 20 89 345 22 53 116 338 25 60 201 253 18 54 240 199 16 41 296 203 16 39 335 138 12 34 290 304 19 45 261 419 18 62 186 444 22 61 500 331 16 56 471 178 13 35 518 218 12 44 557 277 13 46 559 334 21 46 702 208 14 39 768 191 16 37 927 221 16 42 965 278 24 45 824 346 16 50 771 480 27 50
pos/Screenshot from 2021-07-31 16-37-29.png 18 350 149 19 35 302 210 25 42 285 341 32 51 427 454 18 50 357 331 23 53 384 279 20 50 593 175 20 39 608 282 24 45 625 368 27 49 683 272 31 40 752 190 16 35 762 296 19 47 881 235 13 44 977 252 11 44 1115 326 19 51 885 338 16 50 845 449 24 54 887 534 37 54
pos/Screenshot from 2021-07-31 16-37-42.png 13 455 294 26 61 483 357 24 60 520 312 36 57 597 197 25 47 753 147 20 48 636 357 29 66 690 480 41 75 802 221 28 61 812 143 14 41 795 139 16 45 878 264 26 61 1061 309 29 61 1182 559 29 75
pos/Screenshot from 2021-07-31 16-37-54.png 18 325 358 25 56 404 294 21 48 435 301 18 52 508 380 24 62 503 576 28 66 601 321 26 51 541 230 20 44 627 176 14 50 636 228 15 42 681 108 12 36 728 146 21 44 843 142 19 40 741 228 17 50 839 287 17 51 958 296 35 48 994 193 19 51 1092 223 17 47 828 424 20 56
pos/Screenshot from 2021-07-31 16-38-08.png 20 18 240 16 50 172 378 29 55 250 356 20 53 298 458 19 62 265 262 17 44 323 151 12 37 428 196 17 38 449 174 12 38 333 299 14 52 478 373 26 42 526 317 17 53 594 207 14 37 623 238 14 41 672 249 15 40 650 347 21 39 751 307 21 46 735 398 23 45 774 423 20 57 922 383 21 50 1001 454 20 43
pos/Screenshot from 2021-07-31 16-38-24.png 19 10 456 25 63 157 210 16 47 129 463 28 54 244 376 26 60 378 207 20 48 424 271 18 47 376 564 18 64 482 428 28 68 561 303 17 52 593 226 15 46 570 412 21 49 621 335 17 58 716 559 24 61 779 491 22 58 752 282 17 52 876 347 18 59 940 338 12 53 937 401 18 54 967 400 16 54
pos/Screenshot from 2021-07-31 16-38-41.png 18 173 434 19 60 269 277 15 42 379 238 21 38 479 230 28 32 522 155 19 37 474 271 23 38 457 377 20 49 501 332 18 49 586 247 15 39 722 210 14 37 711 346 15 43 813 339 17 45 888 310 13 48 915 348 14 53 989 372 14 50 921 453 17 54 889 465 15 52 887 597 20 62
pos/Screenshot from 2021-07-31 16-39-03.png 20 37 446 19 64 140 235 22 53 551 102 11 43 319 324 21 59 334 399 26 64 446 267 27 54 630 196 18 44 692 199 17 41 735 184 18 44 487 391 18 53 551 406 21 55 634 350 22 45 665 334 17 49 669 405 24 51 671 470 23 60 754 447 22 61 803 238 14 50 831 262 16 35 870 284 23 53 956 376 14 53
pos/Screenshot from 2021-07-31 16-39-21.png 14 129 306 32 57 167 300 24 54 299 455 28 66 373 214 24 46 476 346 26 47 529 332 24 55 574 371 18 56 641 172 19 46 678 266 18 65 756 455 24 54 1156 380 22 67 872 330 25 65 847 295 17 49 826 282 18 52
pos/Screenshot from 2021-07-31 16-45-35.png 17 219 227 23 47 340 224 16 35 577 161 14 39 457 285 21 49 491 289 21 45 425 425 24 58 684 376 21 55 722 289 16 45 779 270 17 45 752 379 16 53 839 286 18 49 896 306 19 49 906 355 22 50 1057 459 15 55 1064 386 18 51 977 299 15 46 1019 305 17 53
pos/Screenshot from 2021-07-31 16-45-45.png 18 127 301 11 41 251 404 22 44 328 246 15 39 396 226 15 32 412 284 17 40 483 249 16 30 568 227 13 37 566 349 16 40 681 247 14 37 726 357 18 48 679 155 16 31 751 199 11 36 827 265 15 39 858 275 13 38 908 327 21 41 1015 277 18 42 988 365 18 49 1033 373 18 43
pos/Screenshot from 2021-07-31 16-46-09.png 16 185 282 15 47 407 534 31 51 436 151 21 37 482 256 21 39 593 190 17 35 704 121 10 33 817 172 11 35 735 237 20 37 661 307 23 41 680 378 19 46 954 413 16 51 858 294 18 36 969 197 17 38 1029 112 14 33 1070 142 10 33 1241 231 18 43
pos/Screenshot from 2021-07-31 16-46-28.png 19 285 319 25 38 365 236 16 41 393 274 15 40 451 376 18 44 425 490 17 56 502 183 15 34 499 265 16 37 507 330 13 43 523 251 14 45 601 235 15 33 603 321 14 44 615 183 13 31 685 167 10 34 654 247 16 33 809 194 11 30 872 273 16 31 887 387 11 45 918 295 23 33 1083 237 11 39
pos/Screenshot from 2021-07-31 18-23-02.png 20 88 322 21 50 129 243 20 42 234 274 18 44 314 473 18 55 369 331 12 45 342 192 15 34 451 186 18 34 493 178 16 39 432 280 14 42 438 378 19 44 525 259 18 45 549 313 17 45 591 273 18 28 833 398 24 41 678 239 15 40 732 207 22 29 702 255 19 32 764 282 18 39 831 295 22 38 846 247 18 35
pos/Screenshot from 2021-07-31 19-26-44.png 12 71 460 60 125 328 268 27 84 525 266 27 53 610 230 28 56 605 305 28 67 637 371 30 98 861 294 32 82 989 178 19 49 1060 204 19 60 1161 177 24 49 1121 244 22 72 1168 257 23 69
pos/Screenshot from 2021-07-31 19-27-00.png 18 106 243 24 69 55 400 37 106 126 515 45 124 267 253 26 78 419 304 35 77 568 247 20 70 508 199 23 55 546 201 21 53 594 183 21 57 726 194 18 57 744 263 27 76 798 265 31 83 840 261 26 63 966 246 30 80 953 354 36 82 1039 311 29 72 1100 278 27 78 1238 312 24 86
pos/Screenshot from 2021-07-31 19-27-09.png 11 115 234 24 70 216 248 23 59 249 316 36 65 299 254 31 59 412 258 32 58 500 290 34 71 590 267 25 67 634 241 24 54 729 288 22 54 811 346 35 83 862 314 32 84
pos/Screenshot from 2021-07-31 19-27-36.png 12 89 284 27 83 421 210 17 63 469 376 28 96 617 245 23 68 677 195 24 60 799 245 29 61 865 239 22 65 952 225 29 55 921 403 22 94 1043 412 36 105 1007 306 27 88 1165 216 19 64
pos/Screenshot from 2021-07-31 19-28-00.png 14 109 424 41 78 177 372 39 77 286 445 33 102 464 521 35 112 633 483 45 102 552 327 35 67 648 219 18 55 653 349 32 56 688 385 35 70 914 248 19 59 1110 375 32 93 1153 453 24 77 1168 515 39 100 1182 313 24 75
pos/Screenshot from 2021-07-31 19-28-12.png 15 178 212 27 55 203 311 32 70 337 419 33 83 365 522 53 107 389 451 34 75 431 332 23 85 519 258 17 69 586 316 22 69 606 384 26 85 707 247 24 60 847 264 23 61 951 243 19 55 1107 297 25 63 1181 298 28 72 1181 410 28 82
pos/Screenshot from 2021-07-31 19-28-28.png 19 36 308 38 89 128 223 33 68 224 224 33 65 270 180 28 52 197 396 46 83 218 503 38 102 426 364 33 77 614 404 49 76 589 294 35 79 583 176 25 65 623 177 19 54 705 248 21 62 728 238 16 63 767 318 29 77 887 268 24 64 991 252 21 72 1081 204 19 58 1178 304 28 80 1095 464 37 69
pos/Screenshot from 2021-07-31 19-28-46.png 9 595 413 33 87 547 546 30 107 811 471 25 66 891 293 20 64 988 343 16 67 963 464 34 83 964 545 39 100 1104 495 34 106 1229 399 27 80
pos/Screenshot from 2021-07-31 19-29-03.png 14 186 231 19 68 226 296 30 83 301 410 29 104 451 199 19 55 483 233 25 71 632 443 40 94 737 218 20 60 807 283 22 81 843 221 22 52 896 219 27 47 929 189 17 44 955 176 16 46 995 402 38 90 1049 396 43 86
pos/Screenshot from 2021-07-31 19-29-16.png 13 27 303 28 67 401 364 32 69 419 297 25 66 474 331 23 75 498 295 22 60 549 297 29 66 585 296 21 62 630 305 21 60 707 284 19 62 728 308 24 56 584 370 22 80 782 332 20 71 880 378 21 76
pos/Screenshot from 2021-07-31 19-29-55.png 2 791 388 49 98 777 244 20 61
pos/Screenshot from 2021-07-31 19-30-09.png 15 10 377 34 104 332 224 17 64 365 241 17 74 348 486 31 113 611 416 28 109 583 300 24 90 671 224 31 58 697 198 27 48 679 286 25 78 823 232 19 66 843 210 20 63 884 273 28 78 963 278 21 82 1151 206 19 62 1139 378 28 93
pos/a.png 15 125 392 28 97 201 402 38 77 188 483 48 102 262 516 51 105 297 263 28 95 526 188 31 74 650 197 32 63 672 141 22 63 667 287 30 80 751 282 24 84 507 422 35 91 680 393 43 111 762 456 31 111 1049 337 31 101 1108 360 30 105
pos/asd.png 6 109 464 38 116 364 308 28 82 438 296 25 94 316 569 39 124 919 389 35 104 1060 388 44 91
pos/aw.png 7 466 450 41 105 514 326 26 104 650 314 41 87 749 334 41 94 969 334 31 95 1097 233 21 85 1153 326 29 89
pos/bc.png 9 539 555 50 130 1036 331 39 105 1041 174 27 97 491 319 36 104 178 254 38 88 291 176 35 74 456 132 28 80 562 207 30 94 644 97 22 76
pos/bcsd.png 7 326 261 25 70 384 392 30 103 539 280 27 79 481 188 26 67 676 265 21 84 1053 147 23 69 936 396 38 107
pos/bdb.png 12 364 501 51 120 90 310 37 87 28 233 23 65 69 248 24 51 226 235 24 69 298 315 37 80 431 281 25 79 457 350 25 76 671 373 34 89 835 308 26 83 891 330 25 73 931 330 28 76
pos/beeb.png 12 58 395 41 102 301 317 37 86 379 271 26 86 519 296 24 81 583 373 30 95 670 233 25 66 837 256 32 69 825 187 21 35 991 219 26 68 1027 325 38 86 1073 356 38 86 1216 213 23 63
pos/bfeec.png 13 281 234 24 72 441 201 18 60 425 321 23 89 409 448 45 111 465 288 21 80 500 209 21 52 691 255 27 81 862 216 23 59 910 221 22 61 984 305 26 81 1020 295 33 91 1087 379 39 92 1250 395 26 97
pos/bgt.png 13 133 264 32 93 249 160 24 77 207 285 31 86 256 444 37 98 404 347 29 103 401 109 21 68 558 211 27 82 539 452 35 113 710 138 24 69 788 83 20 52 1076 175 17 71 966 530 36 115 1096 394 31 116
pos/brb.png 15 179 199 21 63 200 325 28 81 344 234 24 64 414 151 19 52 570 166 18 51 513 290 22 81 498 560 48 121 674 406 33 102 717 423 30 101 765 536 33 115 1009 378 30 92 732 188 16 66 810 193 21 62 801 133 19 54 1004 117 19 46
pos/bs.png 9 133 378 50 98 260 200 26 78 335 515 49 116 426 407 32 107 598 262 29 83 627 412 53 83 686 381 50 101 976 99 21 71 1107 347 41 88
pos/bxc.png 8 109 221 29 72 177 547 42 117 459 217 33 68 579 260 23 86 682 202 28 76 915 360 39 101 1167 249 25 85 1042 466 38 110
pos/cde.png 5 206 421 38 102 492 241 28 91 553 257 36 83 626 450 45 101 1092 133 24 72
pos/cdeswx.png 9 70 431 37 116 448 297 27 91 721 236 34 67 718 407 27 99 948 268 21 79 1071 195 23 53 1156 430 35 98 1193 262 21 74 1225 264 22 73
pos/cdw.png 13 71 295 30 75 428 340 30 81 527 277 32 75 633 233 34 45 569 216 24 56 690 265 22 66 735 295 27 79 818 314 31 92 900 269 20 69 892 340 33 69 942 375 41 88 1059 321 44 81 1142 337 26 82
pos/cvbns.png 5 813 259 27 69 841 223 34 78 1005 157 23 57 1109 152 21 61 1167 320 30 77
pos/d.png 7 84 445 35 97 127 427 36 113 429 538 41 119 575 290 32 90 635 266 34 69 948 368 30 86 1128 379 62 78
pos/dasd.png 9 225 198 38 70 302 191 27 62 464 146 29 68 329 314 45 89 315 485 41 97 492 509 45 122 807 381 20 94 964 324 34 89 1055 425 39 104
pos/dasw.png 3 373 301 27 86 538 286 31 87 1000 313 43 93
pos/dd.png 10 192 385 51 79 228 342 41 65 311 137 22 55 597 276 36 76 741 222 30 71 823 158 22 72 520 479 45 111 637 391 52 75 683 346 37 81 1189 463 47 102
pos/dg.png 7 33 290 31 77 147 252 31 78 376 300 30 89 439 446 34 116 552 514 44 126 483 371 37 110 879 206 26 74
pos/ds.png 7 23 192 36 74 69 114 23 57 160 419 49 103 429 272 31 99 692 326 37 97 483 489 69 110 777 213 33 75
pos/dsa.png 5 505 404 41 75 771 427 44 103 772 338 48 83 1117 246 33 77 1236 257 39 71
pos/dv.png 8 568 558 35 108 601 423 33 88 915 306 20 63 838 487 29 69 1008 354 24 72 997 482 30 76 994 561 43 97 1133 512 48 99
pos/dwvw.png 3 515 249 35 57 684 337 49 79 835 243 26 75
pos/edc.png 16 52 466 44 121 111 353 33 97 179 265 36 96 266 200 26 83 448 310 25 87 567 158 28 65 652 133 25 71 686 284 33 89 650 432 48 106 834 177 24 68 842 233 29 65 910 240 33 87 1081 207 22 72 1166 260 30 100 1208 277 32 99 1220 555 51 134
pos/eheg.png 13 107 334 31 71 128 271 26 62 157 263 15 66 215 342 31 77 297 234 19 56 325 235 22 62 439 259 29 69 321 329 28 73 418 394 33 83 502 345 33 71 354 471 30 88 909 419 25 84 1065 517 40 93
pos/fscv.png 5 639 508 55 132 765 262 43 97 1047 135 40 82 977 385 43 117 1195 242 30 94
pos/fsdf.png 5 100 368 37 77 342 252 37 68 444 372 35 88 628 316 47 67 605 455 39 94
pos/g.png 9 178 398 37 118 468 93 23 67 509 313 26 83 474 291 26 87 499 474 39 107 713 342 33 108 752 341 32 117 869 510 51 136 1092 207 35 84
pos/gnf.png 13 284 376 34 87 329 189 27 47 342 390 41 90 444 221 26 54 523 287 29 71 629 523 36 99 741 261 22 61 890 258 24 69 1024 225 29 59 1184 267 25 75 993 357 36 82 1137 383 37 91 1035 539 39 100
pos/gnt.png 12 358 370 33 78 331 328 31 62 623 351 32 68 675 221 27 54 792 312 33 74 836 418 34 81 870 302 25 59 869 354 31 81 915 368 45 80 999 324 33 70 1113 269 27 72 1177 291 32 69
pos/grqg.png 10 94 249 26 65 130 553 39 115 455 263 26 72 535 344 26 95 626 349 31 101 571 260 21 64 650 224 31 60 864 220 27 65 1168 311 27 89 1151 493 40 111
pos/hfgss.png 7 11 364 39 105 302 376 36 107 822 259 28 63 854 207 32 80 758 590 51 124 1028 393 36 100 1074 391 34 102
pos/hns.png 7 377 392 52 101 13 332 47 92 676 223 32 69 614 516 45 110 778 416 46 109 916 279 34 64 1229 500 48 127
pos/hsfsf.png 9 72 295 31 93 330 174 31 63 322 327 36 91 427 192 27 68 488 280 26 86 673 195 29 74 738 242 27 82 766 181 27 78 1082 243 35 80
pos/hsgsfhg.png 8 296 223 41 82 437 300 28 80 575 147 31 67 677 180 31 58 863 180 23 71 911 291 39 79 924 213 29 74 1173 115 23 67
pos/jd.png 13 285 281 34 75 249 179 27 73 204 169 38 61 332 229 31 73 487 214 39 57 561 209 28 73 591 302 31 103 571 589 59 127 736 241 32 84 831 195 31 86 1047 206 30 85 960 353 32 103 1238 409 35 112
pos/je.png 11 206 340 36 84 532 236 24 65 452 547 35 92 629 357 37 77 855 269 31 75 905 145 21 44 1043 196 24 58 895 288 23 69 946 350 34 76 941 432 33 95 1005 636 41 77
pos/jety.png 14 280 274 29 64 285 211 26 57 345 253 30 61 267 349 24 81 372 491 34 102 566 187 14 46 577 225 14 53 579 285 20 76 635 312 28 77 735 228 21 68 697 412 32 96 797 272 29 61 963 256 25 68 994 573 40 109
pos/jg.png 11 28 283 33 77 72 174 23 66 173 186 29 65 423 220 26 62 556 164 20 54 609 150 31 56 620 215 28 63 489 345 31 97 639 413 34 104 1004 231 30 83 1148 471 27 114
pos/jghf.png 9 208 356 43 83 602 374 33 78 717 307 28 81 885 120 21 57 1066 182 25 72 1103 227 24 84 1163 337 30 87 1233 169 21 81 1141 537 36 112
pos/jgrb.png 11 205 466 35 78 206 387 31 76 274 427 38 81 634 331 33 76 828 357 33 69 904 285 18 58 889 386 32 76 686 503 36 87 802 517 41 66 948 482 31 85 1218 432 29 96
pos/jgrq.png 9 174 301 38 77 367 204 26 70 512 546 49 100 678 253 26 72 944 361 25 89 1034 307 31 75 1065 268 28 81 1144 372 38 88 1186 194 21 66
pos/jgrw.png 6 307 357 30 42 362 298 23 79 473 341 20 76 611 436 39 76 855 263 19 51 1044 335 28 68
pos/jhds.png 6 527 474 56 103 840 296 55 103 998 182 45 88 1185 97 27 86 1065 390 50 99 950 487 59 127
pos/jhf.png 10 38 308 31 91 518 558 46 135 447 252 32 80 721 355 41 102 518 91 22 70 563 186 25 61 686 193 37 94 640 284 33 74 1038 195 31 88 1123 191 32 91
pos/jhn.png 15 78 162 33 77 248 148 28 71 179 332 37 79 183 418 39 120 394 379 37 102 479 231 31 90 585 425 38 106 636 419 52 105 1065 356 43 109 816 284 52 88 744 152 29 83 845 65 23 61 822 168 29 70 915 229 34 96 1040 142 32 77
pos/jqqr.png 6 309 359 27 38 357 298 23 76 469 345 26 74 611 435 38 78 854 263 18 55 1037 334 35 65
pos/kqr.png 11 24 238 29 65 147 337 30 86 457 469 39 87 374 291 25 70 465 254 21 63 501 308 35 58 574 350 32 76 647 298 26 80 794 315 41 76 1019 355 33 76 1055 427 33 90
pos/mhtm.png 13 12 394 35 92 283 243 31 72 344 211 28 64 420 222 25 62 501 214 26 61 372 306 22 85 487 447 40 82 564 326 27 66 777 283 35 82 843 398 33 88 1072 237 23 66 1166 293 22 78 1228 236 22 70
pos/mmmn.png 15 131 471 44 101 203 351 33 89 39 163 20 47 5 227 16 64 413 197 26 55 411 150 17 45 585 193 21 57 467 477 34 92 509 495 33 118 558 418 27 91 753 341 29 91 773 131 22 49 847 173 20 51 1040 180 20 59 949 411 32 86
pos/mndds.png 13 4 265 35 87 128 217 32 85 120 315 28 93 293 233 25 68 328 175 27 85 403 198 26 79 397 333 36 101 895 446 36 112 836 327 28 93 571 274 25 91 664 273 27 94 513 256 34 85 597 230 22 83
pos/mnvb.png 15 296 220 31 89 395 137 29 62 400 204 28 91 372 298 54 81 464 302 44 80 569 187 37 76 680 146 24 68 714 250 32 84 801 242 24 79 967 401 32 108 1038 277 44 94 992 164 30 71 1116 185 34 83 1160 188 30 91 1230 328 41 94
pos/mnx.png 4 242 376 56 99 788 255 36 80 924 141 21 77 1066 175 19 74
pos/mtgbn.png 16 88 397 33 97 256 266 31 55 454 231 26 60 503 399 26 94 616 333 28 75 670 216 18 52 673 171 20 43 806 168 20 43 777 376 29 67 826 263 25 61 965 206 22 46 903 371 38 72 1056 374 28 91 1012 473 41 95 1159 256 27 68 1245 306 26 86
pos/mth.png 17 116 376 43 78 146 253 25 59 190 361 34 74 194 490 34 93 502 458 35 92 317 264 19 52 402 213 14 44 475 361 24 71 632 275 22 62 662 218 16 47 730 232 17 49 652 384 34 70 688 420 32 58 819 435 39 55 822 274 21 62 1006 202 23 48 1179 334 20 73
pos/muh.png 14 292 535 42 111 275 309 33 81 433 213 25 63 483 313 34 80 674 504 42 100 842 391 38 84 810 295 31 79 942 195 29 55 919 150 17 47 1012 215 25 64 949 412 29 95 1038 317 24 86 1034 168 22 50 1198 167 24 52
pos/myj.png 15 10 229 28 71 186 547 52 121 226 286 41 88 363 303 32 77 369 229 30 69 551 220 22 68 614 171 18 55 773 228 28 70 747 213 22 71 846 212 20 49 950 212 20 70 1026 228 23 70 690 372 28 86 1001 415 38 83 1140 314 31 86
pos/nbv.png 7 69 279 28 58 332 250 26 61 266 435 27 95 788 523 42 86 837 390 34 76 890 423 25 99 900 522 37 89
pos/nef.png 6 220 459 31 94 260 375 36 84 649 320 33 70 740 349 16 60 1089 523 52 98 1243 423 34 101
pos/nhy.png 11 21 273 22 78 291 588 54 124 363 375 46 98 406 212 31 68 431 153 22 68 586 124 22 59 577 214 28 64 698 229 34 69 931 375 37 107 1096 272 25 101 1067 198 27 68
pos/nvmcv.png 8 60 271 27 76 349 203 27 62 386 197 19 65 502 296 32 84 826 291 20 87 933 307 28 84 981 214 26 78 992 368 47 88
pos/qazqaz.png 8 616 523 33 112 680 481 39 101 753 456 33 107 864 442 28 108 924 416 31 98 1048 464 36 100 1168 366 28 83 1217 388 20 87
pos/qrgj.png 10 309 334 37 85 336 224 30 72 640 215 21 59 583 297 18 72 814 336 24 90 1037 372 33 88 1111 217 19 63 1221 299 26 83 1138 180 23 51 1110 168 13 38
pos/rfv.png 11 75 383 46 103 332 362 35 118 371 291 39 79 485 118 28 71 569 61 24 64 576 166 31 67 842 234 38 92 781 377 36 109 1044 448 36 117 967 86 24 73 1210 178 32 91
pos/sdfs.png 9 131 157 25 77 166 209 27 85 261 352 39 87 219 571 59 121 499 348 45 106 535 125 28 70 721 392 34 86 972 233 47 82 986 389 45 105
pos/sfg.png 8 999 346 32 92 945 333 45 84 581 353 48 81 203 262 39 93 240 192 34 84 118 224 39 79 81 197 35 78 19 183 34 76
pos/tfd.png 10 146 301 41 79 479 327 40 99 351 188 41 66 536 168 36 59 591 238 37 66 741 255 31 66 971 190 35 73 1058 200 35 58 912 373 35 103 1205 439 36 109
pos/tgb.png 8 506 338 31 38 586 315 31 58 609 309 31 55 959 374 40 69 1013 295 28 45 1074 356 31 68 1155 324 27 55 1235 259 18 57
pos/tgbrfv.png 10 23 264 33 81 76 244 40 87 256 196 33 73 362 159 23 61 502 193 23 74 555 205 28 81 665 259 22 82 675 179 23 81 993 221 29 92 1028 159 30 62
pos/thnt.png 7 230 313 29 76 529 533 45 113 620 202 19 60 1009 197 21 67 1026 274 29 72 1051 422 36 98 1191 177 20 53
pos/thntn.png 11 306 493 46 91 302 394 39 67 378 414 39 79 565 474 42 94 655 418 35 91 687 408 37 83 815 344 33 75 850 314 30 68 891 313 27 72 1070 304 22 66 1255 345 23 83
pos/tnt.png 11 155 510 39 100 208 402 33 86 123 263 28 60 184 226 19 54 278 267 26 70 669 306 24 60 720 444 37 85 777 232 26 50 818 239 21 54 914 269 31 68 1021 269 34 64
pos/tr.png 5 43 431 43 114 132 288 29 88 443 363 32 107 283 489 35 121 788 215 30 78
pos/trw.png 5 191 440 41 92 545 334 28 86 804 256 34 77 1062 372 28 93 1148 552 56 112
pos/ueet.png 13 76 236 31 77 238 186 22 61 406 196 23 59 442 151 25 52 377 273 21 80 405 277 20 71 421 463 52 90 488 347 37 78 618 364 35 71 844 227 20 65 926 190 26 70 1022 338 25 89 1078 525 38 105
pos/uet.png 13 91 349 34 88 347 266 26 65 470 500 48 99 479 272 37 70 521 273 24 67 600 287 30 83 735 267 26 77 810 377 28 80 862 326 29 89 1043 308 32 70 970 390 30 86 1074 513 57 108 1157 235 23 66
pos/ujm.png 7 43 244 30 85 102 195 32 66 295 190 34 64 319 316 42 92 537 473 36 105 807 281 40 91 668 163 31 79
pos/uye.png 15 59 378 39 91 126 235 37 68 407 313 26 74 590 149 17 49 691 361 31 66 726 356 26 83 910 486 32 93 951 520 32 92 912 358 36 98 833 216 31 58 905 287 41 65 966 229 22 72 1111 228 26 58 1222 273 23 72 1251 293 22 76
pos/vcbnfg.png 13 181 400 43 90 6 312 31 87 31 228 30 60 136 244 26 63 317 383 40 80 184 163 22 58 369 273 26 70 557 214 32 54 615 261 35 71 666 254 29 69 759 275 28 72 988 366 33 86 1161 473 45 98
pos/vd.png 12 209 316 25 73 275 296 25 72 327 443 43 85 420 309 42 83 573 272 27 67 745 412 37 94 804 373 34 79 975 328 28 76 998 392 27 74 795 245 27 49 751 247 27 42 696 242 23 66
pos/vfr.png 11 167 163 29 76 162 246 33 71 261 287 28 72 554 268 29 88 725 489 37 113 733 321 42 81 820 249 22 58 842 166 22 71 1079 211 36 83 1140 337 31 97 599 256 30 68
pos/vvvv.png 10 233 376 35 77 556 295 20 56 670 567 30 112 837 415 29 94 899 351 34 74 1072 280 17 59 1040 392 22 86 1073 477 34 90 1220 309 24 66 1214 531 46 95
pos/wa.png 12 115 426 34 109 349 362 39 75 457 323 33 82 710 330 32 86 751 344 29 84 780 266 30 79 996 287 29 74 1047 429 41 95 1189 438 38 105 1101 226 28 74 1167 246 27 68 1224 224 25 74
pos/wdv.png 13 179 449 42 95 400 426 43 105 53 304 34 74 423 247 32 57 550 265 29 67 663 292 30 76 750 286 29 67 803 248 26 62 941 378 29 92 1128 225 18 52 571 229 31 42 652 240 21 48 685 230 31 50
pos/wfg.png 9 456 216 32 65 616 249 31 72 583 381 39 92 829 316 41 96 830 198 30 77 1087 161 19 69 1140 235 25 77 1173 317 35 100 1207 594 36 121
pos/wgrw.png 9 422 402 38 71 471 310 23 81 719 349 35 68 723 281 30 65 550 468 42 97 910 298 25 81 1017 306 31 82 1045 249 22 60 1153 492 35 97
pos/wsx.png 12 121 212 27 72 243 175 30 66 165 294 39 85 337 391 42 105 389 242 30 83 585 169 29 65 691 180 37 47 827 208 30 64 930 193 28 65 1026 230 34 90 1115 190 33 76 815 362 44 98
pos/xsw.png 11 44 216 31 85 368 270 37 92 457 270 35 92 455 394 41 106 662 137 31 71 725 114 23 58 926 552 41 131 991 408 42 97 1144 339 33 104 1089 191 30 76 1082 96 28 73
pos/xswx.png 12 80 451 34 105 113 274 31 57 344 373 20 73 438 318 23 74 418 455 28 83 544 435 41 81 688 351 29 80 885 434 37 85 708 536 31 99 956 389 34 81 1027 435 29 84 1063 412 36 77
pos/xsx.png 8 299 346 38 69 499 311 34 58 433 419 26 84 776 397 29 84 830 270 25 51 906 348 30 77 820 460 28 93 955 353 25 79
pos/xv.png 9 143 440 38 108 380 264 24 94 475 289 26 96 460 186 26 47 516 168 30 51 690 253 26 78 875 234 27 85 999 198 28 77 1036 174 24 74
pos/xvbn.png 10 428 416 34 104 99 220 28 75 183 201 29 79 356 201 25 67 459 165 27 65 764 216 31 92 1022 267 32 91 1135 198 29 74 1165 189 22 74 1220 165 25 69
pos/xvbnms.png 10 56 269 38 66 236 216 23 74 266 323 38 86 318 285 21 71 331 384 33 78 390 458 35 98 539 335 29 84 478 189 26 52 876 245 33 64 950 388 27 91
pos/xvbnn.png 14 14 474 36 95 120 255 23 60 105 175 20 40 151 281 21 70 389 556 39 100 304 299 31 65 390 214 29 52 547 186 19 49 585 267 27 61 662 212 24 58 696 302 30 68 775 256 28 62 942 371 40 31 1090 332 27 87
pos/xxsw.png 13 77 290 36 78 428 336 29 80 534 279 28 65 574 214 19 59 636 228 29 47 695 265 23 61 737 289 31 82 812 314 42 90 894 334 28 78 1065 321 43 82 954 372 29 92 1148 341 24 85 895 267 34 60
pos/xxx.png 16 148 430 37 101 189 196 25 61 344 287 35 75 394 283 26 77 480 143 21 47 554 398 44 86 618 491 46 96 767 526 45 102 808 361 38 82 657 211 15 52 635 170 23 46 770 218 22 59 767 170 22 47 932 169 19 52 1039 200 17 57 1091 202 25 64
pos/yrq.png 13 184 407 33 83 310 275 23 74 405 236 24 63 297 453 35 94 577 479 29 107 613 361 30 79 646 257 27 68 791 307 32 79 891 246 25 67 741 565 36 105 879 390 36 96 1055 365 27 93 1107 348 42 68
pos/yte.png 15 44 320 31 82 15 174 28 62 172 189 25 57 432 267 29 71 617 242 24 60 674 149 26 45 778 194 38 52 777 284 31 67 866 348 34 81 907 331 32 76 961 573 40 117 919 228 30 59 1038 247 33 73 1064 182 23 52 1134 202 28 57
